1 0.17548076923076922 0.4987980769230769 0.014423076923076924 0.04807692307692308
1 0.1935096153846154 0.5 0.014423076923076924 0.04807692307692308
1 0.32572115384615385 0.49759615384615385 0.014423076923076924 0.05048076923076923
1 0.3425480769230769 0.49759615384615385 0.021634615384615384 0.05048076923076923
1 0.4014423076923077 0.4963942307692308 0.009615384615384616 0.052884615384615384
1 0.41346153846153844 0.49759615384615385 0.014423076923076924 0.04807692307692308
2 0.17427884615384615 0.4807692307692308 0.004807692307692308 0.009615384615384616
2 0.19230769230769232 0.48197115384615385 0.004807692307692308 0.014423076923076924
2 0.3269230769230769 0.4795673076923077 0.009615384615384616 0.014423076923076924
2 0.3401442307692308 0.47836538461538464 0.004807692307692308 0.009615384615384616
2 0.4014423076923077 0.4795673076923077 0.009615384615384616 0.014423076923076924
2 0.41225961538461536 0.4807692307692308 0.009615384615384616 0.009615384615384616