1 0.19110576923076922 0.4963942307692308 0.01201923076923077 0.04326923076923077
1 0.20673076923076922 0.49759615384615385 0.01201923076923077 0.04326923076923077
1 0.3245192307692308 0.4951923076923077 0.014423076923076924 0.04567307692307692
1 0.3401442307692308 0.4951923076923077 0.019230769230769232 0.04567307692307692
1 0.39302884615384615 0.49399038461538464 0.009615384615384616 0.04807692307692308
1 0.40384615384615385 0.4951923076923077 0.01201923076923077 0.04326923076923077
2 0.18990384615384615 0.4807692307692308 0.004807692307692308 0.009615384615384616
2 0.20552884615384615 0.48197115384615385 0.004807692307692308 0.01201923076923077
2 0.32572115384615385 0.4795673076923077 0.007211538461538462 0.01201923076923077
2 0.33774038461538464 0.47836538461538464 0.004807692307692308 0.009615384615384616
2 0.39302884615384615 0.4795673076923077 0.007211538461538462 0.01201923076923077
2 0.4026442307692308 0.4807692307692308 0.007211538461538462 0.009615384615384616