1 0.17067307692307693 0.43149038461538464 0.019230769230769232 0.04807692307692308
1 0.1875 0.43509615384615385 0.019230769230769232 0.04807692307692308
1 0.3088942307692308 0.4495192307692308 0.021634615384615384 0.05048076923076923
1 0.32572115384615385 0.4519230769230769 0.026442307692307692 0.05048076923076923
1 0.38100961538461536 0.45913461538461536 0.016826923076923076 0.05048076923076923
1 0.3918269230769231 0.46153846153846156 0.019230769230769232 0.04807692307692308
2 0.171875 0.41586538461538464 0.007211538461538462 0.009615384615384616
2 0.1875 0.41947115384615385 0.007211538461538462 0.01201923076923077
2 0.3125 0.43509615384615385 0.009615384615384616 0.01201923076923077
2 0.3245192307692308 0.43509615384615385 0.007211538461538462 0.009615384615384616
2 0.38221153846153844 0.44471153846153844 0.009615384615384616 0.01201923076923077
2 0.3918269230769231 0.44711538461538464 0.009615384615384616 0.009615384615384616